정지_여자|0|0.00000,0.94686,0.03199|-0.12463,0.10024,-0.08409|0.12042,0.10050,-0.08371|-0.21536,0.84159,-0.00404|0.15325,0.83495,-0.17103|0.01302,1.37451,-0.00366|0.01914,1.62722,-0.01153|0.02246,1.37287,0.06959|-0.10591,0.50519,0.05240|0.10217,0.50164,0.05330
정지_여자|1|0.00000,0.94686,0.03199|-0.12463,0.10024,-0.08409|0.12042,0.10050,-0.08371|-0.21191,0.83939,0.00404|0.15385,0.83123,-0.16342|0.01161,1.37402,-0.00889|0.01642,1.62660,-0.02067|0.02144,1.37355,0.06427|-0.10591,0.50519,0.05240|0.10217,0.50164,0.05330
정지_여자|2|0.00000,0.94686,0.03199|-0.12463,0.10024,-0.08409|0.12042,0.10050,-0.08371|-0.20838,0.83752,0.01170|0.15423,0.82791,-0.15606|0.01029,1.37347,-0.01378|0.01395,1.62590,-0.02897|0.02054,1.37404,0.05938|-0.10591,0.50519,0.05240|0.10217,0.50164,0.05330
정지_여자|3|0.00000,0.94686,0.03199|-0.12463,0.10024,-0.08409|0.12042,0.10050,-0.08371|-0.20498,0.83604,0.01842|0.15432,0.82517,-0.14955|0.00915,1.37294,-0.01791|0.01187,1.62520,-0.03586|0.01986,1.37434,0.05517|-0.10591,0.50519,0.05240|0.10217,0.50164,0.05330
정지_여자|4|0.00000,0.94686,0.03199|-0.12463,0.10024,-0.08409|0.12042,0.10050,-0.08371|-0.20200,0.83497,0.02365|0.15415,0.82312,-0.14432|0.00829,1.37250,-0.02105|0.01038,1.62463,-0.04083|0.01935,1.37445,0.05194|-0.10591,0.50519,0.05240|0.10217,0.50164,0.05330
정지_여자|5|0.00000,0.94686,0.03199|-0.12463,0.10024,-0.08409|0.12042,0.10050,-0.08371|-0.19966,0.83427,0.02714|0.15372,0.82181,-0.14079|0.00774,1.37222,-0.02297|0.00949,1.62428,-0.04356|0.01914,1.37441,0.04994|-0.10591,0.50519,0.05240|0.10217,0.50164,0.05330
정지_여자|6|0.00000,0.94686,0.03199|-0.12463,0.10024,-0.08409|0.12042,0.10050,-0.08371|-0.19813,0.83391,0.02854|0.15300,0.82125,-0.13918|0.00761,1.37213,-0.02356|0.00932,1.62421,-0.04390|0.01918,1.37424,0.04934|-0.10591,0.50519,0.05240|0.10217,0.50164,0.05330
정지_여자|7|0.00000,0.94686,0.03199|-0.12463,0.10024,-0.08409|0.12042,0.10050,-0.08371|-0.19749,0.83387,0.02786|0.15211,0.82146,-0.13960|0.00783,1.37225,-0.02280|0.00983,1.62443,-0.04181|0.01948,1.37397,0.05011|-0.10591,0.50519,0.05240|0.10217,0.50164,0.05330
정지_여자|8|0.00000,0.94686,0.03199|-0.12463,0.10024,-0.08409|0.12042,0.10050,-0.08371|-0.19783,0.83418,0.02510|0.15104,0.82243,-0.14207|0.00838,1.37257,-0.02071|0.01106,1.62491,-0.03743|0.02003,1.37360,0.05223|-0.10591,0.50519,0.05240|0.10217,0.50164,0.05330
정지_여자|9|0.00000,0.94686,0.03199|-0.12463,0.10024,-0.08409|0.12042,0.10050,-0.08371|-0.19911,0.83487,0.02042|0.14994,0.82415,-0.14636|0.00932,1.37303,-0.01740|0.01285,1.62554,-0.03105|0.02084,1.37313,0.05555|-0.10591,0.50519,0.05240|0.10217,0.50164,0.05330
정지_여자|10|0.00000,0.94686,0.03199|-0.12463,0.10024,-0.08409|0.12042,0.10050,-0.08371|-0.20119,0.83599,0.01425|0.14887,0.82659,-0.15215|0.01046,1.37357,-0.01319|0.01510,1.62624,-0.02314|0.02174,1.37255,0.05980|-0.10591,0.50519,0.05240|0.10217,0.50164,0.05330
정지_여자|11|0.00000,0.94686,0.03199|-0.12463,0.10024,-0.08409|0.12042,0.10050,-0.08371|-0.20396,0.83756,0.00693|0.14785,0.82966,-0.15904|0.01178,1.37411,-0.00825|0.01765,1.62688,-0.01412|0.02276,1.37188,0.06478|-0.10591,0.50519,0.05240|0.10217,0.50164,0.05330
정지_여자|12|0.00000,0.94686,0.03199|-0.12463,0.10024,-0.08409|0.12042,0.10050,-0.08371|-0.20719,0.83956,-0.00098|0.14704,0.83324,-0.16657|0.01323,1.37459,-0.00293|0.02037,1.62739,-0.00472|0.02378,1.37113,0.07006|-0.10591,0.50519,0.05240|0.10217,0.50164,0.05330
정지_여자|13|0.00000,0.94686,0.03199|-0.12463,0.10024,-0.08409|0.12042,0.10050,-0.08371|-0.21064,0.84188,-0.00897|0.14649,0.83710,-0.17414|0.01463,1.37497,0.00234|0.02301,1.62773,0.00447|0.02480,1.37034,0.07533|-0.10591,0.50519,0.05240|0.10217,0.50164,0.05330
정지_여자|14|0.00000,0.94686,0.03199|-0.12463,0.10024,-0.08409|0.12042,0.10050,-0.08371|-0.21408,0.84436,-0.01646|0.14619,0.84096,-0.18129|0.01595,1.37524,0.00723|0.02544,1.62791,0.01280|0.02565,1.36957,0.08022|-0.10591,0.50519,0.05240|0.10217,0.50164,0.05330
정지_여자|15|0.00000,0.94686,0.03199|-0.12463,0.10024,-0.08409|0.12042,0.10050,-0.08371|-0.21731,0.84676,-0.02301|0.14619,0.84450,-0.18750|0.01706,1.37540,0.01140|0.02748,1.62795,0.01974|0.02633,1.36892,0.08439|-0.10591,0.50519,0.05240|0.10217,0.50164,0.05330
정지_여자|16|0.00000,0.94686,0.03199|-0.12463,0.10024,-0.08409|0.12042,0.10050,-0.08371|-0.22012,0.84884,-0.02812|0.14649,0.84742,-0.19243|0.01791,1.37548,0.01459|0.02901,1.62794,0.02476|0.02680,1.36846,0.08754|-0.10591,0.50519,0.05240|0.10217,0.50164,0.05330
정지_여자|17|0.00000,0.94686,0.03199|-0.12463,0.10024,-0.08409|0.12042,0.10050,-0.08371|-0.22229,0.85035,-0.03152|0.14700,0.84941,-0.19575|0.01842,1.37551,0.01655|0.02990,1.62792,0.02752|0.02701,1.36825,0.08954|-0.10591,0.50519,0.05240|0.10217,0.50164,0.05330
정지_여자|18|0.00000,0.94686,0.03199|-0.12463,0.10024,-0.08409|0.12042,0.10050,-0.08371|-0.22374,0.85111,-0.03296|0.14773,0.85029,-0.19728|0.01859,1.37551,0.01714|0.03012,1.62793,0.02790|0.02701,1.36834,0.09017|-0.10591,0.50519,0.05240|0.10217,0.50164,0.05330
정지_여자|19|0.00000,0.94686,0.03199|-0.12463,0.10024,-0.08409|0.12042,0.10050,-0.08371|-0.22437,0.85102,-0.03237|0.14862,0.84995,-0.19690|0.01838,1.37550,0.01633|0.02965,1.62798,0.02578|0.02667,1.36872,0.08941|-0.10591,0.50519,0.05240|0.10217,0.50164,0.05330
정지_여자|20|0.00000,0.94686,0.03199|-0.12463,0.10024,-0.08409|0.12042,0.10050,-0.08371|-0.22412,0.85011,-0.02973|0.14960,0.84844,-0.19464|0.01782,1.37546,0.01421|0.02846,1.62804,0.02135|0.02616,1.36936,0.08737|-0.10591,0.50519,0.05240|0.10217,0.50164,0.05330
정지_여자|21|0.00000,0.94686,0.03199|-0.12463,0.10024,-0.08409|0.12042,0.10050,-0.08371|-0.22301,0.84848,-0.02527|0.15058,0.84591,-0.19064|0.01693,1.37537,0.01089|0.02671,1.62805,0.01493|0.02539,1.37019,0.08409|-0.10591,0.50519,0.05240|0.10217,0.50164,0.05330
정지_여자|22|0.00000,0.94686,0.03199|-0.12463,0.10024,-0.08409|0.12042,0.10050,-0.08371|-0.22110,0.84636,-0.01923|0.15160,0.84260,-0.18511|0.01578,1.37519,0.00659|0.02446,1.62795,0.00693|0.02450,1.37112,0.07984|-0.10591,0.50519,0.05240|0.10217,0.50164,0.05330
정지_여자|23|0.00000,0.94686,0.03199|-0.12463,0.10024,-0.08409|0.12042,0.10050,-0.08371|-0.21850,0.84398,-0.01195|0.15249,0.83884,-0.17844|0.01446,1.37491,0.00162|0.02186,1.62768,-0.00208|0.02348,1.37204,0.07486|-0.10591,0.50519,0.05240|0.10217,0.50164,0.05330
걷기_여자|0|0.00000,0.96793,0.00000|-0.10455,0.30665,-0.21876|0.04645,0.13946,-0.08494|-0.16772,0.84252,-0.05462|0.16414,0.85900,-0.16185|-0.01178,1.39585,-0.03190|-0.02314,1.64832,-0.04143|-0.01089,1.39500,0.04194|-0.11076,0.55434,0.12990|0.06125,0.53237,0.07452
걷기_여자|1|0.00000,0.96950,0.00000|-0.10468,0.29494,-0.19962|0.04653,0.14174,-0.09634|-0.16529,0.84368,-0.06312|0.16563,0.85735,-0.14790|-0.01153,1.39750,-0.03109|-0.02288,1.65001,-0.03973|-0.01080,1.39638,0.04275|-0.10830,0.55912,0.13679|0.06193,0.53255,0.06814
걷기_여자|2|0.00000,0.97391,0.00000|-0.10374,0.23912,-0.09656|0.04789,0.15274,-0.15415|-0.15364,0.84910,-0.10264|0.17180,0.85204,-0.07929|-0.00966,1.40232,-0.02616|-0.02067,1.65495,-0.03029|-0.00940,1.39985,0.04764|-0.09600,0.57822,0.16406|0.06580,0.53143,0.03633
걷기_여자|3|0.00000,0.96965,0.00000|-0.10255,0.18456,0.01778|0.05704,0.16019,-0.21383|-0.14483,0.84918,-0.13667|0.17707,0.84774,-0.01935|-0.00647,1.39840,-0.02033|-0.01803,1.65104,-0.02157|-0.00617,1.39509,0.05347|-0.08835,0.58166,0.17614|0.07205,0.52368,0.00451
걷기_여자|4|0.00000,0.95972,0.00000|-0.10055,0.15220,0.13250|0.06423,0.16484,-0.27542|-0.13552,0.84750,-0.17656|0.18022,0.84369,0.02514|-0.00276,1.38868,-0.01570|-0.01536,1.64127,-0.01484|-0.00208,1.38479,0.05806|-0.08605,0.57655,0.18426|0.07750,0.51301,-0.03331
걷기_여자|5|0.00000,0.94476,0.00000|-0.09702,0.14117,0.21595|0.06282,0.16941,-0.33526|-0.12803,0.84494,-0.22055|0.18214,0.83633,0.05423|-0.00072,1.37372,-0.01544|-0.01489,1.62623,-0.01501|0.00026,1.36997,0.05832|-0.08524,0.56835,0.19753|0.08260,0.50218,-0.07278
걷기_여자|6|0.00000,0.92666,0.00000|-0.09536,0.13437,0.24066|0.06265,0.17750,-0.39052|-0.11519,0.84225,-0.25462|0.18209,0.82709,0.07946|0.00089,1.35551,-0.01752|-0.01574,1.60786,-0.01923|0.00196,1.35238,0.05627|-0.08545,0.56118,0.21442|0.08277,0.48994,-0.10417
걷기_여자|7|0.00000,0.92044,0.00000|-0.08962,0.11837,0.21978|0.07393,0.19600,-0.42765|-0.09928,0.84464,-0.27018|0.18328,0.82633,0.09932|0.00268,1.34919,-0.02008|-0.01548,1.60144,-0.02161|0.00383,1.34604,0.05372|-0.08456,0.54571,0.20200|0.08039,0.48608,-0.11808
걷기_여자|8|0.00000,0.92471,0.00000|-0.07520,0.11061,0.17155|0.08592,0.23280,-0.44849|-0.08949,0.84719,-0.26989|0.18397,0.83374,0.10821|0.00447,1.35309,-0.02641|-0.01225,1.60543,-0.02863|0.00600,1.35015,0.04734|-0.07980,0.53814,0.18409|0.08439,0.48701,-0.10881
걷기_여자|9|0.00000,0.93404,0.00000|-0.06984,0.11401,0.11680|0.10434,0.28930,-0.44054|-0.09481,0.84756,-0.25896|0.17941,0.84429,0.10400|0.00910,1.36202,-0.03007|-0.00506,1.61449,-0.03450|0.01174,1.35977,0.04368|-0.07822,0.53869,0.16721|0.09681,0.48728,-0.06533
걷기_여자|10|0.00000,0.94462,0.00000|-0.06151,0.12301,0.05160|0.11906,0.32708,-0.39311|-0.10736,0.84615,-0.23667|0.17422,0.85156,0.08813|0.01536,1.37241,-0.02901|0.00510,1.62504,-0.03526|0.01906,1.37072,0.04475|-0.07669,0.54008,0.14530|0.10847,0.49416,-0.00328
걷기_여자|11|0.00000,0.95341,0.00000|-0.06151,0.12891,-0.00421|0.11918,0.33382,-0.32548|-0.12284,0.84330,-0.20413|0.17027,0.85290,0.06248|0.02071,1.38112,-0.02556|0.01323,1.63383,-0.03186|0.02527,1.37942,0.04815|-0.07822,0.53863,0.11748|0.11285,0.50985,0.06053
걷기_여자|12|0.00000,0.96295,0.00000|-0.06814,0.13594,-0.05687|0.12097,0.30761,-0.24458|-0.14113,0.84191,-0.16270|0.16789,0.85244,0.03050|0.02310,1.39074,-0.02237|0.01633,1.64351,-0.02727|0.02790,1.38862,0.05130|-0.08218,0.53847,0.08715|0.10804,0.53416,0.11391
걷기_여자|13|0.00000,0.96620,0.00000|-0.07405,0.14198,-0.11059|0.12820,0.25294,-0.14585|-0.16219,0.83909,-0.11404|0.16614,0.84733,-0.00442|0.02229,1.39426,-0.01965|0.01574,1.64706,-0.02293|0.02739,1.39166,0.05398|-0.08720,0.53495,0.05781|0.09949,0.55373,0.15202
걷기_여자|14|0.00000,0.96685,0.00000|-0.08222,0.14812,-0.16576|0.12986,0.19849,-0.01510|-0.18431,0.84003,-0.06193|0.16142,0.84182,-0.04543|0.01808,1.39530,-0.01769|0.01212,1.64814,-0.01825|0.02352,1.39191,0.05589|-0.09337,0.52999,0.02658|0.09115,0.57183,0.18273
걷기_여자|15|0.00000,0.96287,0.00000|-0.08728,0.15578,-0.22246|0.12352,0.16539,0.13569|-0.20349,0.84297,-0.01072|0.15274,0.83601,-0.09502|0.01229,1.39167,-0.01642|0.00668,1.64451,-0.01484|0.01821,1.38766,0.05712|-0.10111,0.52276,-0.00319|0.08656,0.58243,0.20447
걷기_여자|16|0.00000,0.94979,0.00000|-0.08707,0.16404,-0.28133|0.11144,0.15169,0.24224|-0.21344,0.84388,0.03433|0.14113,0.82947,-0.15240|0.00825,1.37869,-0.01706|0.00293,1.63153,-0.01540|0.01455,1.37466,0.05644|-0.10761,0.50968,-0.03020|0.08282,0.57404,0.21357
걷기_여자|17|0.00000,0.92764,0.00000|-0.08750,0.17344,-0.33577|0.09736,0.14027,0.26061|-0.21978,0.84163,0.07103|0.12748,0.82436,-0.20553|0.00553,1.35651,-0.01833|0.00013,1.60936,-0.01710|0.01195,1.35261,0.05513|-0.11059,0.48848,-0.04738|0.08163,0.56321,0.23071
걷기_여자|18|0.00000,0.91632,0.00000|-0.09098,0.18849,-0.37912|0.08350,0.12445,0.22216|-0.22267,0.84411,0.09298|0.11046,0.82948,-0.24539|0.00353,1.34505,-0.02212|-0.00238,1.59788,-0.02237|0.00983,1.34158,0.05138|-0.10825,0.47783,-0.06457|0.07754,0.54864,0.22880
걷기_여자|19|0.00000,0.91680,0.00000|-0.09979,0.21264,-0.40991|0.07146,0.11490,0.17559|-0.22016,0.85059,0.09826|0.09528,0.84036,-0.26793|0.00145,1.34521,-0.02790|-0.00532,1.59802,-0.03003|0.00727,1.34230,0.04564|-0.10991,0.47903,-0.07542|0.07112,0.53748,0.21366
걷기_여자|20|0.00000,0.92325,0.00000|-0.11204,0.25640,-0.42263|0.05564,0.11196,0.13450|-0.21472,0.85861,0.08856|0.08937,0.85110,-0.27580|-0.00157,1.35124,-0.03390|-0.00966,1.60398,-0.03773|0.00345,1.34883,0.03973|-0.11306,0.48237,-0.05946|0.06461,0.53191,0.19439
걷기_여자|21|0.00000,0.93007,0.00000|-0.12169,0.31549,-0.39847|0.05342,0.12038,0.06687|-0.20481,0.85857,0.06440|0.09885,0.85335,-0.26695|-0.00459,1.35783,-0.03611|-0.01604,1.61035,-0.04402|-0.00068,1.35663,0.03764|-0.11472,0.48592,-0.00621|0.06419,0.53003,0.17682
걷기_여자|22|0.00000,0.94129,0.00000|-0.10915,0.34657,-0.35411|0.04862,0.12687,0.01323|-0.19388,0.85378,0.03126|0.11859,0.85398,-0.24262|-0.00791,1.36907,-0.03458|-0.02025,1.62150,-0.04415|-0.00519,1.36833,0.03922|-0.11421,0.50110,0.04470|0.06257,0.52891,0.14807
걷기_여자|23|0.00000,0.95690,0.00000|-0.10013,0.34110,-0.29311|0.04381,0.13293,-0.03594|-0.18260,0.84848,-0.01046|0.14283,0.85738,-0.20625|-0.01029,1.38475,-0.03271|-0.02101,1.63726,-0.04185|-0.00851,1.38383,0.04113|-0.11306,0.52794,0.09145|0.06061,0.53094,0.11008
달리기_여자|0|0.00000,0.91858,0.00000|-0.08507,0.58561,-0.20800|0.06389,0.19400,-0.39668|-0.18363,1.02945,-0.31144|0.08328,0.93698,0.26074|0.00060,1.34017,0.07201|0.01255,1.59233,0.05670|-0.00259,1.34111,0.14577|-0.10536,0.55695,0.21833|0.07503,0.48206,-0.08537
달리기_여자|1|0.00000,0.91858,0.00000|-0.08507,0.58561,-0.20800|0.06389,0.19400,-0.39668|-0.18363,1.02945,-0.31144|0.08328,0.93698,0.26074|0.00060,1.34017,0.07201|0.01255,1.59233,0.05670|-0.00259,1.34111,0.14577|-0.10536,0.55695,0.21833|0.07503,0.48206,-0.08537
달리기_여자|2|0.00000,0.93010,0.00000|-0.09515,0.45904,-0.14224|0.07048,0.22044,-0.47218|-0.17257,1.05716,-0.31642|0.06482,0.99732,0.25628|0.00000,1.35374,0.06423|0.00842,1.60613,0.05045|-0.00345,1.35420,0.13798|-0.10064,0.61052,0.25772|0.06657,0.51601,-0.16784
달리기_여자|3|0.00000,0.94611,0.00000|-0.09766,0.33825,-0.03029|0.07452,0.28986,-0.54250|-0.15627,1.07819,-0.32152|0.04713,1.04800,0.23369|-0.00072,1.37135,0.05717|0.00170,1.62403,0.04658|-0.00455,1.37080,0.13092|-0.09673,0.64471,0.26810|0.05904,0.55097,-0.20842
달리기_여자|4|0.00000,0.95934,0.00000|-0.09958,0.24842,0.07295|0.07584,0.38455,-0.59209|-0.14083,1.07471,-0.32233|0.03586,1.06455,0.20864|-0.00183,1.38520,0.05381|-0.00485,1.63797,0.04594|-0.00604,1.38376,0.12752|-0.09719,0.63848,0.24849|0.05900,0.56341,-0.20770
달리기_여자|5|0.00000,0.96449,0.00000|-0.09860,0.18875,0.16283|0.08588,0.49155,-0.61391|-0.12841,1.04234,-0.30902|0.02888,1.04758,0.18214|-0.00362,1.39036,0.05364|-0.00893,1.64311,0.04645|-0.00800,1.38868,0.12735|-0.09889,0.61309,0.21668|0.06593,0.56289,-0.19613
달리기_여자|6|0.00000,0.96055,0.00000|-0.09243,0.15831,0.21770|0.07984,0.59375,-0.57695|-0.11965,0.98918,-0.26763|0.03084,1.00918,0.14071|-0.00557,1.38600,0.05538|-0.01008,1.63876,0.04785|-0.00927,1.38445,0.12909|-0.10374,0.58468,0.18541|0.05806,0.54157,-0.15645
달리기_여자|7|0.00000,0.94449,0.00000|-0.06567,0.13249,0.21425|0.07210,0.67609,-0.49715|-0.12033,0.93220,-0.19022|0.05521,0.94589,0.08273|-0.00651,1.36903,0.05861|-0.00719,1.62168,0.04730|-0.00838,1.36865,0.13246|-0.10268,0.55537,0.16172|0.06210,0.50870,-0.10740
달리기_여자|8|0.00000,0.92948,0.00000|-0.04662,0.11830,0.13097|0.06176,0.73966,-0.39077|-0.12089,0.89705,-0.08316|0.09468,0.89322,0.01153|-0.00468,1.35268,0.06329|0.00004,1.60482,0.04415|-0.00421,1.35459,0.13709|-0.09941,0.54190,0.15810|0.07095,0.48163,-0.05406
달리기_여자|9|0.00000,0.91626,0.00000|-0.03841,0.12335,0.01242|0.06163,0.76068,-0.27163|-0.11136,0.89230,0.03743|0.13024,0.86894,-0.06321|-0.00064,1.33742,0.07184|0.00749,1.58907,0.04789|0.00191,1.34065,0.14556|-0.10145,0.52551,0.14377|0.08635,0.46658,0.03318
달리기_여자|10|0.00000,0.90478,0.00000|-0.04483,0.13369,-0.12127|0.07333,0.74774,-0.18741|-0.09443,0.91262,0.15083|0.15253,0.87372,-0.12935|0.00332,1.32353,0.08294|0.01089,1.57551,0.06270|0.00727,1.32565,0.15666|-0.11544,0.49666,0.09371|0.09086,0.48874,0.14819
달리기_여자|11|0.00000,0.89707,0.00000|-0.05087,0.15052,-0.26495|0.08852,0.69159,-0.15989|-0.07975,0.94963,0.24760|0.16172,0.90388,-0.18307|0.00464,1.31434,0.09124|0.00808,1.56710,0.08320|0.00936,1.31294,0.16491|-0.13173,0.47203,0.00536|0.07427,0.54609,0.23841
달리기_여자|12|0.00000,0.90028,0.00000|-0.05419,0.19368,-0.40149|0.09817,0.59310,-0.16261|-0.07571,1.00791,0.31719|0.15419,0.95981,-0.23063|0.00068,1.31914,0.08737|-0.00111,1.57200,0.09196|0.00634,1.31417,0.16083|-0.12944,0.47518,-0.08839|0.06601,0.57702,0.26015
달리기_여자|13|0.00000,0.91141,0.00000|-0.03109,0.24801,-0.51982|0.10298,0.49275,-0.12799|-0.06938,1.07810,0.33658|0.13777,1.01570,-0.26444|-0.00204,1.33339,0.07337|-0.00544,1.58602,0.08469|0.00421,1.32651,0.14666|-0.10927,0.51466,-0.19464|0.06678,0.61339,0.27716
달리기_여자|14|0.00000,0.93235,0.00000|-0.01855,0.33404,-0.59817|0.10647,0.39327,-0.05513|-0.05172,1.13356,0.31991|0.11914,1.05849,-0.27916|-0.00149,1.35586,0.06376|-0.00268,1.60821,0.08060|0.00515,1.34733,0.13684|-0.09162,0.56093,-0.24300|0.07142,0.64622,0.28371
달리기_여자|15|0.00000,0.95109,0.00000|-0.02263,0.44189,-0.65117|0.10417,0.30171,0.04134|-0.03569,1.14622,0.28818|0.10506,1.07229,-0.27474|0.00085,1.37494,0.06057|0.00213,1.62711,0.07988|0.00766,1.36563,0.13352|-0.08486,0.58632,-0.25338|0.07120,0.65429,0.27508
달리기_여자|16|0.00000,0.96394,0.00000|-0.04704,0.55686,-0.66253|0.09775,0.22080,0.14160|-0.03114,1.11987,0.25049|0.09945,1.05820,-0.25466|0.00366,1.38774,0.06057|0.00553,1.64009,0.07724|0.01038,1.37918,0.13365|-0.08601,0.58837,-0.23773|0.06967,0.63126,0.24530
달리기_여자|17|0.00000,0.96943,0.00000|-0.05479,0.66368,-0.62340|0.08554,0.17290,0.23539|-0.04130,1.06636,0.20043|0.10234,1.02466,-0.22212|0.00621,1.39336,0.06006|0.00698,1.64610,0.06920|0.01259,1.38701,0.13335|-0.09026,0.57543,-0.20638|0.06789,0.59539,0.20060
달리기_여자|18|0.00000,0.96218,0.00000|-0.05147,0.75112,-0.55845|0.06789,0.16796,0.31047|-0.06227,0.99861,0.13037|0.11089,0.97716,-0.17992|0.00915,1.38634,0.05946|0.00889,1.63925,0.06044|0.01484,1.38239,0.13301|-0.09060,0.55562,-0.18005|0.05895,0.57076,0.17746
달리기_여자|19|0.00000,0.94610,0.00000|-0.06393,0.80688,-0.46130|0.06078,0.13801,0.29001|-0.09715,0.93258,0.04977|0.12357,0.92434,-0.12539|0.01123,1.36906,0.06793|0.01017,1.62196,0.06776|0.01514,1.36544,0.14156|-0.08567,0.52448,-0.14075|0.06750,0.53595,0.14300
달리기_여자|20|0.00000,0.93157,0.00000|-0.06142,0.84806,-0.35262|0.05887,0.10817,0.15398|-0.13263,0.89373,-0.04675|0.13471,0.87491,-0.05342|0.01153,1.35166,0.08231|0.01119,1.60454,0.08605|0.01344,1.34689,0.15602|-0.10379,0.50100,-0.10621|0.07137,0.53226,0.15679
달리기_여자|21|0.00000,0.92178,0.00000|-0.05576,0.84159,-0.26844|0.06419,0.12362,0.00030|-0.15878,0.89724,-0.14726|0.13832,0.83953,0.03496|0.01046,1.33937,0.09183|0.01336,1.59223,0.09600|0.01059,1.33448,0.16551|-0.12225,0.48241,-0.04590|0.07469,0.52156,0.14709
달리기_여자|22|0.00000,0.91652,0.00000|-0.06112,0.80426,-0.22182|0.06746,0.14497,-0.13399|-0.17533,0.93398,-0.22995|0.13029,0.83374,0.13092|0.00761,1.33373,0.09171|0.01510,1.58652,0.08949|0.00625,1.33073,0.16546|-0.12778,0.48064,0.04981|0.07852,0.49824,0.10077
달리기_여자|23|0.00000,0.91497,0.00000|-0.07992,0.73364,-0.20974|0.06448,0.16930,-0.26125|-0.18460,0.98256,-0.28490|0.11029,0.86664,0.21459|0.00345,1.33402,0.08290|0.01484,1.58639,0.07099|0.00094,1.33393,0.15670|-0.11948,0.51185,0.15389|0.08341,0.47883,0.02833
뒤로걷기_여자|0|0.00000,0.97410,0.00000|0.00821,0.24852,-0.02799|-0.02935,0.15618,0.01259|-0.17431,0.94451,-0.24926|0.23892,0.91113,0.06163|-0.01123,1.40306,-0.00783|-0.02020,1.65580,-0.00608|-0.00944,1.39893,0.06589|-0.05925,0.59995,0.20634|0.04402,0.55658,0.13224
뒤로걷기_여자|1|0.00000,0.97337,0.00000|0.00770,0.25034,-0.04143|-0.02931,0.15512,0.01918|-0.17427,0.94613,-0.25262|0.23841,0.91068,0.06172|-0.01123,1.40232,-0.00812|-0.02025,1.65507,-0.00672|-0.00932,1.39831,0.06563|-0.05951,0.59577,0.20170|0.04402,0.55683,0.13437
뒤로걷기_여자|2|0.00000,0.96725,0.00000|0.00396,0.26628,-0.13143|-0.02829,0.14854,0.06550|-0.17439,0.95667,-0.27418|0.23514,0.90700,0.06270|-0.01114,1.39617,-0.01021|-0.02093,1.64888,-0.01178|-0.00817,1.39307,0.06355|-0.06087,0.56668,0.16606|0.04441,0.55808,0.14921
뒤로걷기_여자|3|0.00000,0.95739,0.00000|0.00068,0.27306,-0.21068|-0.02629,0.14141,0.11323|-0.17503,0.95798,-0.28605|0.23305,0.90057,0.06521|-0.01072,1.38626,-0.01340|-0.02182,1.63889,-0.01761|-0.00630,1.38401,0.06032|-0.05976,0.53581,0.12140|0.04543,0.55652,0.16376
뒤로걷기_여자|4|0.00000,0.94529,0.00000|-0.00017,0.26905,-0.27393|-0.02284,0.13559,0.16219|-0.17724,0.94517,-0.28184|0.23160,0.89255,0.06869|-0.01004,1.37410,-0.01663|-0.02161,1.62672,-0.01986|-0.00366,1.37165,0.05691|-0.05598,0.50979,0.07520|0.04760,0.55368,0.17822
뒤로걷기_여자|5|0.00000,0.93462,0.00000|0.00821,0.25254,-0.31617|-0.01714,0.13833,0.20264|-0.17941,0.92559,-0.26546|0.23016,0.88589,0.07188|-0.00923,1.36342,-0.01799|-0.01969,1.61609,-0.01472|-0.00068,1.35914,0.05521|-0.04721,0.49280,0.03335|0.05262,0.55680,0.19728
뒤로걷기_여자|6|0.00000,0.93264,0.00000|0.01591,0.23014,-0.30553|-0.00519,0.14540,0.24266|-0.17958,0.91191,-0.24254|0.22952,0.88280,0.06219|-0.00872,1.36159,-0.01446|-0.01825,1.61397,-0.00128|0.00123,1.35447,0.05836|-0.04198,0.49093,0.02854|0.05976,0.56318,0.20706
뒤로걷기_여자|7|0.00000,0.93497,0.00000|0.02548,0.20397,-0.27542|0.01042,0.15176,0.28516|-0.18043,0.89774,-0.20804|0.22888,0.87790,0.03411|-0.00825,1.36410,-0.00668|-0.01757,1.61573,0.01689|0.00255,1.35403,0.06572|-0.03803,0.49481,0.03173|0.06563,0.56481,0.20540
뒤로걷기_여자|8|0.00000,0.93964,0.00000|0.03105,0.18543,-0.22893|0.02646,0.15749,0.31663|-0.18622,0.88452,-0.16593|0.22663,0.87582,0.00017|-0.00710,1.36875,0.00030|-0.01587,1.61987,0.02905|0.00464,1.35722,0.07231|-0.03603,0.50326,0.04938|0.06895,0.56208,0.19609
뒤로걷기_여자|9|0.00000,0.94658,0.00000|0.03029,0.17896,-0.17639|0.02765,0.16540,0.31531|-0.19753,0.87448,-0.11621|0.22408,0.87803,-0.03722|-0.00476,1.37558,0.00264|-0.01280,1.62733,0.02544|0.00804,1.36577,0.07473|-0.03535,0.51686,0.07750|0.07023,0.57182,0.20119
뒤로걷기_여자|10|0.00000,0.95522,0.00000|0.03012,0.17630,-0.12659|0.01297,0.17253,0.25810|-0.21280,0.87174,-0.06104|0.22318,0.88493,-0.07869|-0.00183,1.38418,-0.00145|-0.01097,1.63688,0.00302|0.01153,1.37969,0.07103|-0.03360,0.53252,0.10149|0.06984,0.59085,0.21574
뒤로걷기_여자|11|0.00000,0.96370,0.00000|0.03143,0.17238,-0.07665|0.00447,0.18140,0.16376|-0.22488,0.87684,-0.00821|0.22480,0.89573,-0.11736|0.00043,1.39260,-0.00812|-0.01063,1.64503,-0.01893|0.01331,1.39258,0.06457|-0.03318,0.54705,0.11935|0.06993,0.59741,0.21544
뒤로걷기_여자|12|0.00000,0.96995,0.00000|0.03292,0.16846,-0.02705|0.00276,0.20121,0.05827|-0.23369,0.88659,0.04113|0.22833,0.90751,-0.14900|0.00166,1.39875,-0.01395|-0.01021,1.65084,-0.03041|0.01336,1.40037,0.05895|-0.03454,0.55901,0.13377|0.07150,0.59340,0.20481
뒤로걷기_여자|13|0.00000,0.97222,0.00000|0.03420,0.16459,0.02271|0.00498,0.23006,-0.04296|-0.23964,0.89762,0.08477|0.23233,0.91693,-0.17308|0.00196,1.40090,-0.01842|-0.00995,1.65305,-0.03390|0.01170,1.40218,0.05479|-0.03705,0.56754,0.14726|0.07376,0.58061,0.18596
뒤로걷기_여자|14|0.00000,0.96936,0.00000|0.03386,0.16099,0.07401|0.00638,0.25454,-0.12926|-0.24322,0.90631,0.11782|0.23450,0.92202,-0.19303|0.00174,1.39788,-0.02216|-0.01025,1.65011,-0.03624|0.00872,1.39862,0.05138|-0.03956,0.57292,0.16278|0.07388,0.55965,0.15776
뒤로걷기_여자|15|0.00000,0.96092,0.00000|0.03224,0.15768,0.12761|0.00247,0.25774,-0.20898|-0.24475,0.90991,0.13973|0.23182,0.92120,-0.21085|0.00162,1.38925,-0.02488|-0.00987,1.64150,-0.03896|0.00502,1.38983,0.04887|-0.04092,0.57568,0.18129|0.06653,0.52937,0.11059
뒤로걷기_여자|16|0.00000,0.95113,0.00000|0.02977,0.15020,0.18524|0.00030,0.25410,-0.28001|-0.24445,0.91042,0.15325|0.22876,0.91522,-0.21723|0.00119,1.37934,-0.02629|-0.00893,1.63164,-0.04041|0.00174,1.37981,0.04760|-0.04168,0.57190,0.18979|0.06027,0.50459,0.05717
뒤로걷기_여자|17|0.00000,0.94270,0.00000|0.02544,0.14460,0.24705|-0.00340,0.24240,-0.30511|-0.24364,0.90713,0.15445|0.22918,0.90406,-0.20570|0.00013,1.37094,-0.02552|-0.00804,1.62332,-0.03969|-0.00068,1.37138,0.04836|-0.04249,0.56284,0.18860|0.05683,0.49253,0.03228
뒤로걷기_여자|18|0.00000,0.94038,0.00000|0.01625,0.14688,0.25530|-0.01170,0.21772,-0.29209|-0.24109,0.90431,0.14615|0.23305,0.89552,-0.18090|-0.00149,1.36887,-0.02114|-0.00821,1.62135,-0.03428|-0.00234,1.36900,0.05270|-0.04700,0.56598,0.19775|0.05402,0.49042,0.02624
뒤로걷기_여자|19|0.00000,0.94156,0.00000|0.00532,0.16126,0.25840|-0.02050,0.18827,-0.25559|-0.23730,0.88599,0.10800|0.23845,0.88877,-0.14662|-0.00345,1.37044,-0.01280|-0.01004,1.62299,-0.02454|-0.00391,1.37018,0.06108|-0.05504,0.58304,0.22067|0.05160,0.49348,0.03020
뒤로걷기_여자|20|0.00000,0.94472,0.00000|-0.00413,0.17962,0.25517|-0.02552,0.17945,-0.19941|-0.22910,0.86584,0.04347|0.24254,0.88212,-0.10272|-0.00523,1.37382,-0.00566|-0.01263,1.62633,-0.01778|-0.00566,1.37367,0.06818|-0.06372,0.60296,0.24139|0.05215,0.50374,0.06291
뒤로걷기_여자|21|0.00000,0.95085,0.00000|-0.00621,0.19857,0.23122|-0.02799,0.17492,-0.14177|-0.21536,0.86139,-0.03007|0.24411,0.88063,-0.05517|-0.00672,1.38002,-0.00145|-0.01501,1.63251,-0.01357|-0.00740,1.37985,0.07240|-0.06861,0.62110,0.25445|0.05147,0.51914,0.09319
뒤로걷기_여자|22|0.00000,0.95963,0.00000|0.00102,0.21402,0.17678|-0.02914,0.16862,-0.08818|-0.19762,0.87502,-0.10596|0.24509,0.88718,-0.01042|-0.00825,1.38877,-0.00119|-0.01659,1.64137,-0.01051|-0.00889,1.38779,0.07265|-0.06618,0.62919,0.25470|0.04832,0.53479,0.11170
뒤로걷기_여자|23|0.00000,0.96826,0.00000|0.00906,0.22712,0.07775|-0.02854,0.16099,-0.03569|-0.18375,0.90422,-0.18086|0.24398,0.89891,0.02824|-0.00978,1.39733,-0.00391|-0.01872,1.65005,-0.00778|-0.00961,1.39479,0.06993|-0.06087,0.61850,0.23556|0.04543,0.54754,0.12280
옆걸음_왼쪽_여자|0|0.00000,0.97958,0.00000|-0.06955,0.27005,-0.25934|0.20038,0.17283,-0.09545|-0.16772,0.85417,-0.05462|0.16414,0.87065,-0.16185|-0.01114,1.40690,-0.04024|-0.02059,1.65959,-0.04492|-0.01025,1.40461,0.03356|-0.09405,0.54249,0.06950|0.12459,0.54930,0.08499
옆걸음_왼쪽_여자|1|0.00000,0.98115,0.00000|-0.08290,0.26744,-0.25585|0.20140,0.17443,-0.09851|-0.16508,0.85529,-0.06329|0.16559,0.86892,-0.14781|-0.01085,1.40856,-0.03935|-0.01991,1.66128,-0.04266|-0.01008,1.40588,0.03445|-0.09864,0.54478,0.06942|0.12561,0.55045,0.08282
옆걸음_왼쪽_여자|2|0.00000,0.98556,0.00000|-0.14560,0.25011,-0.23165|0.20404,0.17947,-0.11625|-0.15287,0.86074,-0.10319|0.17155,0.86346,-0.07852|-0.00885,1.41341,-0.03424|-0.01731,1.66617,-0.03233|-0.00876,1.40918,0.03952|-0.11838,0.55303,0.06912|0.13024,0.55287,0.07120
옆걸음_왼쪽_여자|3|0.00000,0.98130,0.00000|-0.19702,0.21797,-0.18805|0.20294,0.17624,-0.13560|-0.14449,0.86079,-0.13633|0.17695,0.85928,-0.01846|-0.00604,1.40945,-0.02897|-0.01684,1.66211,-0.02658|-0.00621,1.40506,0.04475|-0.13318,0.55276,0.07044|0.13373,0.54681,0.05912
옆걸음_왼쪽_여자|4|0.00000,0.97137,0.00000|-0.23360,0.18408,-0.13263|0.21799,0.16742,-0.14373|-0.13552,0.85916,-0.17656|0.18022,0.85534,0.02514|-0.00336,1.39965,-0.02548|-0.01884,1.65208,-0.02476|-0.00357,1.39573,0.04828|-0.14407,0.54671,0.07580|0.14454,0.53761,0.05015
옆걸음_왼쪽_여자|5|0.00000,0.95641,0.00000|-0.25121,0.15799,-0.09532|0.25428,0.15790,-0.14347|-0.12824,0.85659,-0.22101|0.18201,0.84799,0.05440|-0.00213,1.38460,-0.02612|-0.02191,1.63671,-0.02935|-0.00234,1.38184,0.04768|-0.14858,0.53338,0.08218|0.16670,0.52803,0.04458
옆걸음_왼쪽_여자|6|0.00000,0.93832,0.00000|-0.27155,0.14775,-0.09337|0.28622,0.14856,-0.14615|-0.11527,0.85457,-0.25602|0.18180,0.83915,0.07984|-0.00072,1.36632,-0.02867|-0.02369,1.61810,-0.03509|-0.00089,1.36450,0.04517|-0.15564,0.51761,0.08754|0.18333,0.51514,0.04105
옆걸음_왼쪽_여자|7|0.00000,0.93210,0.00000|-0.26342,0.13618,-0.07550|0.29396,0.14520,-0.14092|-0.09877,0.85692,-0.27108|0.18333,0.83813,0.10000|0.00128,1.35999,-0.03050|-0.02250,1.61173,-0.03535|0.00128,1.35770,0.04330|-0.15317,0.51324,0.09371|0.18282,0.50910,0.04683
옆걸음_왼쪽_여자|8|0.00000,0.93636,0.00000|-0.24245,0.13475,-0.05211|0.27389,0.15148,-0.13594|-0.08949,0.85884,-0.26989|0.18397,0.84539,0.10821|0.00345,1.36376,-0.03662|-0.01752,1.61577,-0.04054|0.00387,1.36124,0.03718|-0.14539,0.52018,0.10596|0.17303,0.51228,0.06329
옆걸음_왼쪽_여자|9|0.00000,0.94569,0.00000|-0.22718,0.14354,-0.03705|0.20294,0.16693,-0.14292|-0.09417,0.85944,-0.25955|0.17946,0.85626,0.10476|0.00778,1.37256,-0.04054|-0.01085,1.62471,-0.04670|0.00915,1.37078,0.03331|-0.14032,0.53320,0.11650|0.14432,0.51824,0.08767
옆걸음_왼쪽_여자|10|0.00000,0.95627,0.00000|-0.21166,0.15472,-0.02250|0.11506,0.18942,-0.14751|-0.10668,0.85784,-0.23730|0.17401,0.86367,0.08898|0.01336,1.38296,-0.03981|-0.00366,1.63512,-0.04930|0.01548,1.38220,0.03403|-0.13650,0.54855,0.12654|0.10693,0.52678,0.10966
옆걸음_왼쪽_여자|11|0.00000,0.96507,0.00000|-0.18907,0.15936,-0.00727|0.03186,0.21448,-0.15606|-0.12225,0.85502,-0.20447|0.17001,0.86483,0.06282|0.01795,1.39181,-0.03628|0.00094,1.64395,-0.04611|0.02063,1.39117,0.03752|-0.12820,0.55924,0.13182|0.07146,0.53481,0.11931
옆걸음_왼쪽_여자|12|0.00000,0.97460,0.00000|-0.15542,0.16192,0.00225|-0.02446,0.23115,-0.15683|-0.14113,0.85356,-0.16270|0.16789,0.86409,0.03050|0.01957,1.40166,-0.03254|0.00149,1.65384,-0.03892|0.02242,1.40004,0.04126|-0.11425,0.56717,0.13280|0.04424,0.54502,0.12029
옆걸음_왼쪽_여자|13|0.00000,0.97785,0.00000|-0.12786,0.16107,-0.00732|-0.05968,0.22592,-0.14756|-0.16151,0.85053,-0.11412|0.16593,0.85903,-0.00417|0.01889,1.40535,-0.02875|0.00085,1.65761,-0.02990|0.02191,1.40222,0.04500|-0.10519,0.56697,0.12569|0.02263,0.54879,0.11510
옆걸음_왼쪽_여자|14|0.00000,0.97850,0.00000|-0.08945,0.15749,-0.02778|-0.07252,0.20813,-0.13377|-0.18384,0.85144,-0.06180|0.16112,0.85345,-0.04487|0.01501,1.40651,-0.02624|-0.00098,1.65889,-0.02288|0.01842,1.40206,0.04738|-0.09324,0.56152,0.11259|0.01127,0.54892,0.10468
옆걸음_왼쪽_여자|15|0.00000,0.97452,0.00000|-0.04317,0.15274,-0.04887|-0.06848,0.17890,-0.10974|-0.20362,0.85443,-0.01038|0.15249,0.84747,-0.09456|0.00966,1.40295,-0.02531|-0.00332,1.65549,-0.02118|0.01370,1.39828,0.04828|-0.07984,0.55191,0.10043|0.01055,0.54308,0.09307
옆걸음_왼쪽_여자|16|0.00000,0.96144,0.00000|-0.00966,0.14350,-0.05874|-0.06070,0.14553,-0.08099|-0.21344,0.85553,0.03433|0.14113,0.84112,-0.15240|0.00617,1.38998,-0.02722|-0.00472,1.64265,-0.02705|0.01085,1.38644,0.04641|-0.07274,0.53735,0.09570|0.01234,0.52794,0.08767
옆걸음_왼쪽_여자|17|0.00000,0.93929,0.00000|0.00991,0.12980,-0.07861|-0.07593,0.13164,-0.09196|-0.21995,0.85396,0.07184|0.12744,0.83631,-0.20613|0.00374,1.36778,-0.02931|-0.00583,1.62048,-0.03237|0.00876,1.36519,0.04436|-0.06908,0.51434,0.09124|0.00591,0.50662,0.08894
옆걸음_왼쪽_여자|18|0.00000,0.92797,0.00000|0.03224,0.12324,-0.08163|-0.06019,0.12527,-0.10183|-0.22318,0.85657,0.09426|0.11012,0.84184,-0.24666|0.00200,1.35620,-0.03275|-0.00727,1.60891,-0.03620|0.00702,1.35372,0.04092|-0.05942,0.50298,0.09256|0.01225,0.49535,0.09260
옆걸음_왼쪽_여자|19|0.00000,0.92845,0.00000|0.04883,0.12855,-0.08928|-0.02561,0.12378,-0.10659|-0.22025,0.86252,0.09919|0.09468,0.85244,-0.26878|0.00000,1.35618,-0.03786|-0.01055,1.60885,-0.04058|0.00455,1.35348,0.03581|-0.05138,0.50245,0.09268|0.02646,0.49474,0.09264
옆걸음_왼쪽_여자|20|0.00000,0.93490,0.00000|0.06155,0.15478,-0.13288|0.01778,0.12667,-0.10889|-0.21472,0.87026,0.08856|0.08937,0.86275,-0.27580|-0.00332,1.36198,-0.04364|-0.01642,1.61451,-0.04743|0.00047,1.35959,0.03007|-0.04228,0.50597,0.08813|0.04581,0.50019,0.09043
옆걸음_왼쪽_여자|21|0.00000,0.94172,0.00000|0.03969,0.20243,-0.20630|0.05138,0.14035,-0.12118|-0.20472,0.87090,0.06499|0.09809,0.86542,-0.26785|-0.00625,1.36846,-0.04590|-0.02288,1.62071,-0.05342|-0.00328,1.36717,0.02786|-0.04522,0.50833,0.08035|0.06202,0.50779,0.09069
옆걸음_왼쪽_여자|22|0.00000,0.95294,0.00000|0.01429,0.24571,-0.25309|0.10204,0.15205,-0.12582|-0.19354,0.86625,0.03182|0.11787,0.86591,-0.24334|-0.00927,1.37979,-0.04424|-0.02569,1.63199,-0.05359|-0.00719,1.37897,0.02956|-0.05474,0.51513,0.07188|0.08516,0.51957,0.08554
옆걸음_왼쪽_여자|23|0.00000,0.96855,0.00000|-0.02174,0.26946,-0.26729|0.16104,0.16424,-0.11276|-0.18243,0.86041,-0.01046|0.14266,0.86904,-0.20655|-0.01106,1.39561,-0.04202|-0.02378,1.64808,-0.04985|-0.00966,1.39429,0.03182|-0.07308,0.52938,0.06852|0.10923,0.53675,0.08362
옆걸음_오른쪽_여자|0|0.00000,0.98305,0.00000|0.01127,0.25077,-0.17316|0.11863,0.16010,0.01293|-0.16772,0.85764,-0.05462|0.16414,0.87412,-0.16185|-0.01114,1.41036,-0.04024|-0.02059,1.66305,-0.04492|-0.01025,1.40808,0.03356|-0.06036,0.55928,0.11434|0.08907,0.56519,0.13556
옆걸음_오른쪽_여자|1|0.00000,0.98462,0.00000|0.01689,0.25024,-0.17371|0.11187,0.16079,0.00710|-0.16508,0.85876,-0.06329|0.16559,0.87239,-0.14781|-0.01085,1.41203,-0.03935|-0.01991,1.66475,-0.04266|-0.01008,1.40935,0.03445|-0.05640,0.56024,0.11174|0.08698,0.56544,0.13224
옆걸음_오른쪽_여자|2|0.00000,0.98903,0.00000|0.03815,0.24037,-0.17210|0.07886,0.16275,-0.02620|-0.15287,0.86421,-0.10319|0.17155,0.86693,-0.07852|-0.00885,1.41688,-0.03424|-0.01731,1.66964,-0.03233|-0.00876,1.41264,0.03952|-0.04032,0.56233,0.09834|0.07758,0.56333,0.11365
옆걸음_오른쪽_여자|3|0.00000,0.98476,0.00000|0.03705,0.21048,-0.15564|0.04628,0.15948,-0.06665|-0.14449,0.86426,-0.13633|0.17695,0.86275,-0.01846|-0.00604,1.41291,-0.02897|-0.01684,1.66558,-0.02658|-0.00621,1.40853,0.04475|-0.03594,0.55615,0.08550|0.06865,0.55252,0.09158
옆걸음_오른쪽_여자|4|0.00000,0.97484,0.00000|0.02901,0.17527,-0.12599|0.00838,0.15035,-0.08767|-0.13552,0.86262,-0.17656|0.18022,0.85881,0.02514|-0.00336,1.40311,-0.02548|-0.01884,1.65554,-0.02476|-0.00357,1.39920,0.04828|-0.03684,0.54514,0.07852|0.05772,0.53878,0.07580
옆걸음_오른쪽_여자|5|0.00000,0.95987,0.00000|0.03735,0.14792,-0.09715|-0.02773,0.13590,-0.08243|-0.12824,0.86006,-0.22101|0.18201,0.85146,0.05440|-0.00213,1.38807,-0.02612|-0.02191,1.64018,-0.02935|-0.00234,1.38530,0.04768|-0.03139,0.53059,0.08116|0.04977,0.52382,0.07099
옆걸음_오른쪽_여자|6|0.00000,0.94178,0.00000|0.05287,0.13550,-0.10013|-0.05674,0.12113,-0.08031|-0.11527,0.85804,-0.25602|0.18180,0.84262,0.07984|-0.00072,1.36979,-0.02867|-0.02369,1.62157,-0.03509|-0.00089,1.36796,0.04517|-0.02378,0.51368,0.08443|0.04092,0.50625,0.06857
옆걸음_오른쪽_여자|7|0.00000,0.93556,0.00000|0.01901,0.12351,-0.09821|-0.08503,0.12158,-0.09098|-0.09877,0.86038,-0.27108|0.18333,0.84160,0.10000|0.00128,1.36346,-0.03050|-0.02250,1.61519,-0.03535|0.00128,1.36117,0.04330|-0.03875,0.50654,0.08320|0.02501,0.49968,0.06699
옆걸음_오른쪽_여자|8|0.00000,0.93983,0.00000|-0.02365,0.12567,-0.09958|-0.10430,0.14161,-0.11957|-0.08949,0.86231,-0.26989|0.18397,0.84886,0.10821|0.00345,1.36722,-0.03662|-0.01752,1.61923,-0.04054|0.00387,1.36471,0.03718|-0.05734,0.51057,0.08392|0.01425,0.50337,0.06780
옆걸음_오른쪽_여자|9|0.00000,0.94916,0.00000|-0.06708,0.13764,-0.10238|-0.10115,0.18616,-0.18920|-0.09417,0.86291,-0.25955|0.17946,0.85973,0.10476|0.00778,1.37603,-0.04054|-0.01085,1.62817,-0.04670|0.00915,1.37425,0.03331|-0.07669,0.52142,0.08626|0.01238,0.50895,0.06168
옆걸음_오른쪽_여자|10|0.00000,0.95974,0.00000|-0.11557,0.15507,-0.11340|-0.06984,0.23301,-0.24968|-0.10668,0.86131,-0.23730|0.17401,0.86714,0.08898|0.01336,1.38643,-0.03981|-0.00366,1.63858,-0.04930|0.01548,1.38566,0.03403|-0.09983,0.53402,0.08435|0.02105,0.51438,0.05462
옆걸음_오른쪽_여자|11|0.00000,0.96853,0.00000|-0.16495,0.16771,-0.11234|-0.02212,0.26483,-0.28363|-0.12225,0.85849,-0.20447|0.17001,0.86829,0.06282|0.01795,1.39527,-0.03628|0.00094,1.64741,-0.04611|0.02063,1.39463,0.03752|-0.12152,0.54561,0.08328|0.04066,0.51931,0.05002
옆걸음_오른쪽_여자|12|0.00000,0.97807,0.00000|-0.20502,0.17884,-0.10255|0.03335,0.27270,-0.28575|-0.14113,0.85703,-0.16270|0.16789,0.86755,0.03050|0.01957,1.40513,-0.03254|0.00149,1.65731,-0.03892|0.02242,1.40351,0.04126|-0.13747,0.55749,0.08456|0.06410,0.52871,0.05117
옆걸음_오른쪽_여자|13|0.00000,0.98132,0.00000|-0.22914,0.18538,-0.10804|0.09077,0.25619,-0.26916|-0.16151,0.85400,-0.11412|0.16593,0.86249,-0.00417|0.01889,1.40882,-0.02875|0.00085,1.66108,-0.02990|0.02191,1.40569,0.04500|-0.14896,0.56147,0.07929|0.08443,0.53357,0.05181
옆걸음_오른쪽_여자|14|0.00000,0.98197,0.00000|-0.23892,0.18560,-0.11166|0.16253,0.22818,-0.22463|-0.18384,0.85490,-0.06180|0.16112,0.85692,-0.04487|0.01501,1.40998,-0.02624|-0.00098,1.66236,-0.02288|0.01842,1.40553,0.04738|-0.15542,0.56171,0.07414|0.11008,0.53939,0.05895
옆걸음_오른쪽_여자|15|0.00000,0.97799,0.00000|-0.24177,0.18014,-0.10940|0.22888,0.19528,-0.14981|-0.20362,0.85790,-0.01038|0.15249,0.85094,-0.09456|0.00966,1.40642,-0.02531|-0.00332,1.65896,-0.02118|0.01370,1.40175,0.04828|-0.16095,0.55827,0.07350|0.13501,0.54366,0.07346
옆걸음_오른쪽_여자|16|0.00000,0.96491,0.00000|-0.25930,0.17306,-0.11123|0.25406,0.16136,-0.07648|-0.21344,0.85899,0.03433|0.14113,0.84458,-0.15240|0.00617,1.39344,-0.02722|-0.00472,1.64612,-0.02705|0.01085,1.38991,0.04641|-0.17431,0.54930,0.07367|0.14330,0.53587,0.08932
옆걸음_오른쪽_여자|17|0.00000,0.94276,0.00000|-0.26912,0.16128,-0.12663|0.27320,0.14772,-0.06933|-0.21995,0.85743,0.07184|0.12744,0.83978,-0.20613|0.00374,1.37124,-0.02931|-0.00583,1.62395,-0.03237|0.00876,1.36865,0.04436|-0.18282,0.53017,0.07197|0.15138,0.51761,0.09906
옆걸음_오른쪽_여자|18|0.00000,0.93144,0.00000|-0.28592,0.15758,-0.12897|0.26585,0.14040,-0.06882|-0.22318,0.86004,0.09426|0.11012,0.84530,-0.24666|0.00200,1.35967,-0.03275|-0.00727,1.61238,-0.03620|0.00702,1.35719,0.04092|-0.18932,0.52149,0.07401|0.14841,0.50790,0.10774
옆걸음_오른쪽_여자|19|0.00000,0.93191,0.00000|-0.29541,0.16338,-0.12820|0.24785,0.13736,-0.05955|-0.22025,0.86599,0.09919|0.09468,0.85591,-0.26878|0.00000,1.35965,-0.03786|-0.01055,1.61232,-0.04058|0.00455,1.35695,0.03581|-0.19239,0.52355,0.07822|0.14066,0.50922,0.11438
옆걸음_오른쪽_여자|20|0.00000,0.93837,0.00000|-0.25955,0.17251,-0.13143|0.23016,0.13788,-0.03692|-0.21472,0.87373,0.08856|0.08937,0.86622,-0.27580|-0.00332,1.36544,-0.04364|-0.01642,1.61798,-0.04743|0.00047,1.36306,0.03007|-0.17554,0.52726,0.09230|0.13416,0.51857,0.12395
옆걸음_오른쪽_여자|21|0.00000,0.94519,0.00000|-0.17610,0.19362,-0.15517|0.21497,0.14823,-0.04487|-0.20472,0.87437,0.06499|0.09809,0.86888,-0.26785|-0.00625,1.37193,-0.04590|-0.02288,1.62417,-0.05342|-0.00328,1.37063,0.02786|-0.13845,0.52826,0.10855|0.12995,0.52686,0.12667
옆걸음_오른쪽_여자|22|0.00000,0.95641,0.00000|-0.09213,0.21997,-0.17337|0.19668,0.15450,-0.03190|-0.19354,0.86972,0.03182|0.11787,0.86937,-0.24334|-0.00927,1.38326,-0.04424|-0.02569,1.63546,-0.05359|-0.00719,1.38244,0.02956|-0.10357,0.53511,0.11561|0.12357,0.53986,0.12986
옆걸음_오른쪽_여자|23|0.00000,0.97202,0.00000|-0.02654,0.24350,-0.17937|0.16193,0.15834,-0.00153|-0.18243,0.86388,-0.01046|0.14266,0.87250,-0.20655|-0.01106,1.39908,-0.04202|-0.02378,1.65155,-0.04985|-0.00966,1.39775,0.03182|-0.07771,0.54857,0.11608|0.10787,0.55615,0.13569
